10.10700121426939 11.60254823359778 0.08299686428590
10.27496861549096 11.66368333221990 0.17842806964079
10.39602723598701 11.70774503093221 0.38778185101894
10.64978390441550 11.80010486923715 0.27486540452283
10.74161194128790 11.83352750558023 0.55520852592567
10.90674159004440 11.89362974677285 0.65753149154246
11.15530510915166 11.98409943330276 0.55722711765190
11.31196879861186 12.04112031730702 0.68011049598087
11.53113163684072 12.12088903113004 0.65120855998573
11.60662324436807 12.14836569345732 0.97122630275422
11.76478947810073 12.20593345885242 1.09046060490897
12.04412568037849 12.30760348608490 0.91542175095500
12.26011117190345 12.38621574028376 0.89423631314696
12.33724948729726 12.41429175525897 1.21025486430989
12.56483755822988 12.49712700300292 1.16089142412807
12.73952208435960 12.56070693515146 1.24000943265350
12.91440088702681 12.62435757817685 1.31865562154796
13.03563550962879 12.66848333641689 1.52758196454497
13.23032325847834 12.73934384622484 1.55812018425980
13.33952410163068 12.77908966693949 1.79627174123583
13.58147050387715 12.86715091989541 1.71203768482035
13.70572429023019 12.91237556387322 1.91363169244994
13.95560712542504 13.00332544218860 1.81012323000791
14.11006438982995 13.05954325314859 1.93836512804710
14.20576117221164 13.09437399770100 2.20931262143362
14.37360902571437 13.15546558451189 2.30503416015207
14.59742455545690 13.23692773955511 2.26483270635918
14.72687189688465 13.28404268299013 2.45381365597109
14.91873857826536 13.35387640821056 2.49120311479755
15.13415542047529 13.43228169098501 2.47139869763895
15.30884090338521 13.49586197137305 2.55051438252980
15.49980031084768 13.56536547589292 2.59010724507569
15.70320279561376 13.63939789017398 2.59948087364963
15.79900213619219 13.67426596285728 2.87017929439377
16.03112062964568 13.75875014954748 2.80981327865856
16.16592453177898 13.80781472163735 2.98578529508647
16.32398801406214 13.86534508856331 3.10526913921684
16.53580557757919 13.94244034102872 3.09420592347461
16.71099716792060 14.00620482945717 3.17209247681594
16.80926568106214 14.04197160745672 3.43679426974999
17.05514312335761 14.13146364198019 3.34301329691704
17.17310173337004 14.17439702915055 3.55989575788416
17.37058362285892 14.24627452298157 3.58364813293451
17.52443650628278 14.30227235725430 3.71335782947956
17.72056560825323 14.37365747669532 3.74039558173496
17.91749784114624 14.44533491188638 3.76548285175295
18.03553807610055 14.48829800810596 3.98216707854082
18.24717902234835 14.56532897714251 3.97153279516417
18.47110048262172 14.64682968774585 3.93107407868474
18.57064046722106 14.68305924350975 4.19268797844458
18.76447087034313 14.75360770499242 4.22530834636932
18.94651637973123 14.81986681594194 4.28654948489543
19.13485192582215 14.88841531302372 4.33251465219857
19.28920652560433 14.94459575711693 4.46100588134609
19.46970078210783 15.01029025819063 4.52601438968957
19.68435821431635 15.08841913832896 4.50805427422204
19.76761232304046 15.11872112003533 4.80922002128652
20.04984739967016 15.22144625124479 4.62714096657201
20.10960583500313 15.24319650720274 4.98536826153260
20.29234493283234 15.30970806369965 5.04492495248427
20.52184659942644 15.39323980330480 4.99091415750341
20.72583166231649 15.46748425868212 4.99887293794890
20.80732851150734 15.49714665022450 5.30430636218752
21.12323849136950 15.61212844385237 5.04044450126404
21.29317983663671 15.67398199935121 5.13108178984843
21.40181657644443 15.71352250323936 5.37060332713878
21.51600063947052 15.75508206765886 5.59665264576780
21.78539074229078 15.85313201074176 5.44576887011810
21.98663445513482 15.92637869630062 5.46038528809313
22.15644668741013 15.98818525851355 5.55133614024510
22.20707679231297 16.00661307390639 5.93173248119895
22.39134792523243 16.07368224557400 5.98756847463217
22.57324786767864 16.13988837448958 6.04916313675761
22.72874887292432 16.19648607604790 6.17487020776781
23.01806415962181 16.30178819297439 5.97559616829281
23.19974242698451 16.36791363875789 6.03772919010621
23.25011388062109 16.38624731278876 6.41875369103543
23.46208083686609 16.46339693976036 6.40732766039705
23.73440695467202 16.56251550490541 6.24931348431403
23.80021897983723 16.58646908737275 6.59283904247377
24.04814860129432 16.67670805402643 6.49407415121579
24.11087158382411 16.69953731692211 6.84510175246914
24.33600623520726 16.78147959297789 6.80169668235830
24.45997908153029 16.82660198314715 7.00397298041265
24.66466411940442 16.90110120858341 7.01023180293760
24.89466571643737 16.98481490798750 6.95500687783982
25.05299998557048 17.04244383326667 7.07383308953929
25.29022766484143 17.12878761151577 7.00105891480473
25.45758946381737 17.18970228894667 7.09796088462636
25.50769779418859 17.20794019394101 7.47962440621944
25.82305650097405 17.32272134057800 7.21710136604592
25.93001700416349 17.36165174423152 7.46069380841255
26.08191676116810 17.41693869862389 7.59514686408014
26.33863595877398 17.51037680936755 7.47503562483497
26.43894269648713 17.54688544044191 7.73478738943488
26.54590653253119 17.58581705715530 7.97837173763713
26.75382157690042 17.66149190881226 7.97678617250578
26.96208868266356 17.73729490033723 7.97434559174002
27.20403582314814 17.82535642198986 7.89010974244086
27.34069717747429 17.87509705138943 8.06157075399135
