111.3977 -444.3046 -543.7088
80.7970 -443.3160 -542.6711
71.9853 -429.7116 -528.4107
84.4825 -415.1675 -513.1668
116.7994 -419.4841 -517.6915
118.8543 -421.6128 -519.9228
116.7701 -334.3357 -641.5528
88.9413 -343.7145 -651.3853
69.1633 -327.0435 -633.9104
88.3272 -309.9861 -616.0305
109.0078 -312.9391 -619.0201
119.1569 -325.1538 -631.9281
104.3354 -220.1517 -771.9496
85.3543 -222.1517 -774.3283
68.1096 -198.3988 -749.1492
75.5265 -191.9045 -742.3389
113.1268 -197.5425 -748.2517
115.2347 -209.6939 -760.9876